-2978.0578941865892
-2978.2524515475525
-2978.839895067258
-2979.30680688059
-2977.9219403462794
-2978.9912922814515
-2979.392905486724
-2979.391358464434
-2978.628167535313
-2979.374538945439
-2978.326038103508
-2978.8324512026074
-2978.6842393905486
-2979.651844188982
-2979.6051603295305
-2979.4533400394143
-2979.596615821872
-2979.663280715642
-2979.6519112922706
-2979.6508100273454
-2979.717896529082
-2979.6635567632584
-2979.6843006907616
-2979.635588971568
-2979.4630664321894
-2979.717638216733
-2978.899251537989
-2979.612257175891
-2979.426879415281
-2979.590858339561
-2978.8872353575807
-2979.467446507727
-2979.0200933846454
-2978.805763750168
-2979.0752061289577
-2979.201840000863
-2979.3458714348144
-2979.4655872728586
-2978.82050344929
-2978.318373970244
-2978.2297032532792
-2978.312761279556
-2977.4992408900484
-2978.5392297955746
-2977.678296900078
-2978.4219681968725
-2977.4982870836784
-2978.649942724083
-2977.9977960269894
-2978.6780839930993
-2977.572872008109
-2977.5467030515474
-2976.7729558154647
-2976.3014135570093
-2976.0994979159123
-2976.7071360297364
-2976.5727105062547
-2977.259568115744
-2976.8937069753742
-2976.3965665967257
-2976.79060451791
-2977.340624722545
-2976.738368956675
-2976.0930976485943
-2974.6038846343777
-2975.3196754742366
-2975.7386794443732
-2975.3570336136368
-2975.920099186475
-2975.4659189828003
-2974.9029181236597
-2975.0015861449688
-2975.8251179166054
-2974.58632219173
-2974.819926689853
-2974.755368858141
-2974.3076351741624
-2973.327799951023
-2973.912222096853
-2973.5892078369297
-2974.0301193990804
-2974.359707844686
-2974.0895709822776
-2973.1354930112825
-2973.569558184653
-2973.1343547532783
-2974.2079102898033
-2973.1915978735015
-2973.0813109027367
-2972.0269990757106
-2972.748976257159
-2972.9212933760814
-2972.736883277092
-2972.556064187668
-2972.325515413855
-2972.8228354081393
-2972.312141021128
-2972.2160184445165
-2972.260616099241
-2972.559360472138
