-2968.811415244086
-2969.0172227671387
-2969.644458520608
-2970.1549413571956
-2968.66800458709
-2969.8082547977288
-2970.2516040215205
-2970.249855218638
-2969.417131041065
-2970.2308728370813
-2969.0952670090396
-2969.6364348792345
-2969.4771679497235
-2970.6377900850807
-2970.4989869877077
-2970.3203496230576
-2970.488557131186
-2970.6455026127487
-2970.6378361654547
-2970.637076684166
-2970.660693074329
-2970.5729321330678
-2970.6585264927826
-2970.536805449303
-2970.3315018947574
-2970.659409308915
-2969.9960127138484
-2970.609149508657
-2970.459152183015
-2970.5928454098475
-2969.9852324566086
-2970.49316349218
-2970.1040553671337
-2969.911990537634
-2970.153068925038
-2970.2648752411537
-2970.390105185608
-2970.491613949529
-2969.9252596360016
-2969.4701704750614
-2969.3893734381722
-2969.4650587897727
-2968.7224116107823
-2969.6709736166335
-2968.885926771274
-2969.564449773482
-2968.721540903886
-2969.7713062749212
-2969.177763342942
-2969.796764040074
-2968.789640591191
-2968.7657447386277
-2968.0613146843007
-2967.635545170459
-2967.454442674355
-2968.001678704647
-2967.880074929648
-2968.503763905723
-2968.1708181776357
-2967.7211640079663
-2968.0773151321546
-2968.577671489373
-2968.0299698943954
-2967.4487158488855
-2966.148408250052
-2966.764264886741
-2967.133073515493
-2966.796930006703
-2967.2942687266586
-2966.8923918232845
-2966.403191672579
-2966.4880877164483
-2967.2097726816833
-2966.1335703492305
-2966.332090876835
-2966.276985168434
-2965.9001870222733
-2965.118158499704
-2965.5765205479433
-2965.3198497538333
-2965.6720178818277
-2965.9434814297015
-2965.7205114905355
-2964.973729312068
-2965.3044908915776
-2964.9728860389587
-2965.81767614044
-2965.015497107552
-2964.9337014986986
-2964.229492454444
-2964.6952525942293
-2964.817304954913
-2964.686823134668
-2964.563051297661
-2964.4120397051956
-2964.7471303973393
-2964.4035327509637
-2964.3432619539963
-2964.3710323275436
-2964.5652673060067
