-2974.6816837885326
-2974.8881619370413
-2975.5187775297263
-2976.034871990288
-2974.5378954710027
-2975.6839610807137
-2976.1332125588933
-2976.13143050509
-2975.2899333907367
-2976.1120947759127
-2974.9665054888555
-2975.510693010883
-2975.3503320081495
-2976.5498391994197
-2976.3871031630615
-2976.203367984106
-2976.376287280293
-2976.5564022130475
-2976.5498789089374
-2976.549225594723
-2976.5603129493215
-2976.4643929919885
-2976.5669908336276
-2976.4264754903015
-2976.2147701480926
-2976.5587594037784
-2975.9464549437025
-2976.5246559786206
-2976.3865123064265
-2976.509998910818
-2975.93611618523
-2976.4182733093617
-2976.049897312443
-2975.865799333599
-2976.096708181019
-2976.2031607351532
-2976.3216664905767
-2976.416830410587
-2975.8785477956085
-2975.4392706385884
-2975.360886517727
-2975.434314776069
-2974.709612718684
-2975.6335835176433
-2974.8699919962983
-2975.530591957893
-2974.7087573940307
-2975.730395436162
-2975.1550738872156
-2975.7549284661686
-2974.775610132981
-2974.752161397791
-2974.0558993410004
-2973.6295666040132
-2973.4466932861574
-2973.996462471042
-2973.8749949727057
-2974.494388947362
-2974.1648697497053
-2973.715686460015
-2974.0718320400492
-2974.567240914619
-2974.024669827629
-2973.4408940263834
-2972.0887588848523
-2972.7391933868553
-2973.1195427169637
-2972.773120422706
-2973.2840862077605
-2972.8719897754713
-2972.360560957138
-2972.4502245855256
-2973.197952544085
-2972.0727936580547
-2972.2851350099054
-2972.2264576825833
-2971.8194330862493
-2970.928730400118
-2971.4599379196516
-2971.166303755927
-2971.5671236203666
-2971.8667754818052
-2971.6211749515337
-2970.7540048308474
-2971.1484435658094
-2970.7529707764506
-2971.728766042263
-2970.8049756190203
-2970.704784881968
-2969.74809377851
-2970.402984682463
-2970.559447263061
-2970.3920063085284
-2970.2278864177256
-2970.018727791257
-2970.4700419534024
-2970.0065979243163
-2969.919432355848
-2969.9598714944427
-2970.230877701551
