-2976.3944146754543
-2976.593722463693
-2977.197820852632
-2977.6827381607272
-2976.2553012633944
-2977.354365075931
-2977.7731708636593
-2977.7715411486656
-2976.979590050492
-2977.753835080055
-2976.6691858176578
-2977.190135857332
-2977.0373178960126
-2978.0835732143237
-2977.999765398489
-2977.83700821321
-2977.9904542179947
-2978.0935233618547
-2978.0836319792256
-2978.082667042629
-2978.132321601058
-2978.0644736986674
-2978.111342128835
-2978.0331962004007
-2977.847317806818
-2978.131650259515
-2977.3740973349486
-2978.048345053759
-2977.876939616256
-2978.0289694314624
-2977.3625436057555
-2977.9149362267067
-2977.4901161092957
-2977.284136640643
-2977.5429104471123
-2977.6638625287924
-2977.800608738859
-2977.9131988684267
-2977.298330590958
-2976.813181901397
-2976.727244958885
-2976.8077441177693
-2976.0175088924047
-2977.0269264317053
-2976.191721533841
-2976.9134987091493
-2976.016580568099
-2977.133880553767
-2976.502225618771
-2977.1610422793588
-2976.0891630938977
-2976.063698996277
-2975.3098923384455
-2974.849936366769
-2974.6529088518587
-2975.245707891785
-2975.114602334621
-2975.784147972213
-2975.4276242404994
-2974.9427731921764
-2975.3271013536064
-2975.863089406863
-2975.276165669345
-2974.6466630346986
-2973.193307885255
-2973.8918097265323
-2974.3007681990184
-2973.9282717883934
-2974.4778309882927
-2974.0345467313314
-2973.4850836703795
-2973.581369408587
-2974.385131954087
-2973.1761737967836
-2973.4041003431953
-2973.3411076256034
-2972.904322976185
-2971.94928240961
-2972.5187558651637
-2972.2039379015237
-2972.633697765173
-2972.9551123294414
-2972.6916656597596
-2971.762017291141
-2972.1847919476377
-2971.760909075608
-2972.807064071823
-2971.8166443348427
-2971.7092679384687
-2970.6840989231578
-2971.385849083622
-2971.553515097836
-2971.374084880318
-2971.1982198824453
-2970.9740965963374
-2971.4577069932557
-2970.9610989172634
-2970.867697150292
-2970.9110295027717
-2971.2014252045574
