-2928.154935917309
-2928.3644501056406
-2929.006148408346
-2929.5350182204934
-2928.0091581807324
-2929.174898188981
-2929.6365594794547
-2929.6347159084953
-2928.772894337671
-2929.6147217480107
-2928.444008183983
-2928.9978984699346
-2928.8344057849654
-2930.0947529709038
-2929.9013831961074
-2929.709261423935
-2929.889969311447
-2930.1000309121605
-2930.0947854585224
-2930.0942502368384
-2930.0905520488373
-2929.9836524492257
-2930.107867394003
-2929.943111577348
-2929.7211029945192
-2930.088656280037
-2929.530257425078
-2930.0733645708015
-2929.9476188247227
-2930.0604817794588
-2929.5203486606265
-2929.9770749010186
-2929.629227875155
-2929.452885984644
-2929.6738978101257
-2929.775127725346
-2929.8869941207586
-2929.9757410499146
-2929.465125627482
-2929.041752699675
-2928.965937988838
-2929.0369612045984
-2928.3340663043073
-2929.2293901926364
-2928.489934979224
-2929.1299953826287
-2928.3332346465445
-2929.322681489276
-2928.76659584525
-2929.346298061689
-2928.3982254096245
-2928.375432598316
-2927.697419984207
-2927.281282560464
-2927.1025853210463
-2927.639444852683
-2927.5209229925613
-2928.124678273643
-2927.803674542886
-2927.3653958221043
-2927.712958523774
-2928.1955809534625
-2927.6669601981953
-2927.0969166335913
-2925.7721974158317
-2926.410195301909
-2926.7826257132524
-2926.4434351591467
-2926.9435967389086
-2926.5402805011495
-2926.03897479587
-2926.1269261411817
-2926.8593442621727
-2925.7565194717727
-2925.9649683583925
-2925.907382042586
-2925.507598635565
-2924.6306184066625
-2925.1540065197846
-2924.864832567241
-2925.2594820769345
-2925.5541286495545
-2925.312654781101
-2924.4582152606044
-2924.8472328035955
-2924.45719456809
-2925.4184649736453
-2924.508521793185
-2924.4096262664825
-2923.4630266161184
-2924.111464463857
-2924.266090785309
-2924.1006108202964
-2923.9382900710407
-2923.7312424756533
-2924.1777480999017
-2923.719228648305
-2923.632875998566
-2923.6729425826993
-2923.9412496726127
